0.900 0.000 0.000 1.000
0.900 0.900 0.000 1.000
0.000 0.500 0.250 1.000
0.200 0.000 0.800 1.000
0.900 0.900 0.900 1.000
0.750 0.750 0.750 1.000
0.500 0.500 0.500 1.000
0.200 0.200 0.200 1.000
100 50 0 255
DIV:Standard

230 87 20 255
191 46 123 255
99 0 30 255
34 69 69 255
0 36 85 255
27 117 196 255
255 255 255 255
20 20 20 255
255 255 255 64
DIV:Bold

236 131 173 255
255 154 108 255
255 224 156 255
244 224 200 255
200 235 125 255
138 178 141 255
143 237 245 255
178 169 231 255
224 143 244 255
DIV:Soft

0.667 0.000 0.000 0.700
1.000 0.500 0.000 0.700
0.990 0.960 0.000 0.700
0.000 0.471 0.196 0.700
0.000 0.200 0.640 0.700
152 41 100 178
0.550 0.700 1.000 0.700
0.850 0.850 0.850 0.700
0.100 0.100 0.100 0.700
DIV:Transparent

62 73 101 255
76 83 102 255
87 94 104 255
136 108 105 255
135 82 78 255
135 52 50 255
24 24 24 255
119 109 97 255
187 172 165 255
DIV:TF2a

250 234 201 255
211 192 160 255
120 97 66 255
170 73 20 255
244 113 43 255
249 189 67 255
250 213 135 255
249 214 132 255
250 234 201 255
DIV:TF2b